3.8877551020408188, 0.6666666666666679
4.455782312925171, 0.8095238095238102
5.117913832199548, 1.0000000000000036
5.492063492063494, 1.2857142857142883
6.105442176870751, 1.5238095238095255
6.472789115646261, 2.0952380952380985
6.986394557823132, 2.5238095238095255
7.536281179138323, 3.4285714285714306
7.964852607709753, 3.4285714285714306
8.456916099773245, 4.761904761904759
8.860544217687078, 5.809523809523807
9.363945578231295, 6.666666666666661
9.973922902494333, 7.047619047619044
10.469387755102042, 8.238095238095232
