1.7272727272727266, 10.517241379310347
2.4545454545454533, 10.103448275862071
2.9999999999999964, 9.965517241379313
3.4545454545454533, 9.793103448275865
4.242424242424239, 9.344827586206899
4.787878787878782, 8.551724137931036
5.303030303030301, 8.137931034482762
5.818181818181817, 7.13793103448276
6.333333333333329, 6.10344827586207
6.787878787878785, 4.379310344827587
7.36363636363636, 2.206896551724139
7.818181818181813, 0.7241379310344822
8.393939393939387, 0.17241379310345017
8.878787878787872, 0.17241379310345017
9.424242424242422, 0.206896551724137
9.84848484848484, 0.206896551724137
10.424242424242419, 0.13793103448275978

