-0.33569131832797083, 10.264951768488746
0.653376205787783, 10.72411575562701
1.7061093247588417, 10.509324758842443
2.7138263665594877, 10.185209003215434
3.184565916398718, 10.414147909967845
3.6115755627009705, 10.479742765273311
4.240514469453384, 10.064308681672024
4.682958199356918, 9.481672025723473
5.210289389067526, 9.333762057877813
5.7903536977492, 8.971061093247586
6.2302250803858605, 8.496463022508038
6.762700964630227, 8.132475884244371
7.260450160771708, 7.227009646302249
7.809646302250812, 6.160771704180062
8.358842443729909, 5.094533762057876
8.861736334405151, 3.972990353697748
9.462379421221875, 2.7459807073954945
9.930546623794214, 1.082958199356911
10.420578778135052, 0.5016077170417983

