-0.052908314163653714, 0.013013473545842813
0.9940847847518901, 0.01367071968452177
1.9431482090042733, 0.017154124219520117
2.9861978310877424, 0.021952021031876323
3.509037134406835, 0.022970752546828677
4.217219848833389, 0.02937890239894836
5.0193887610910295, 0.03710154452842579
5.5330266184686145, 0.0477817942819585
5.955307262569832, 0.05438711797568185
6.3697009530069, 0.0692737430167597
6.925731186329278, 0.08544199802826152
7.337495892211633, 0.10308905685179098
7.888268156424578, 0.12477817942819583
8.390075583305945, 0.14788038120276042
8.885310548800524, 0.17788366743345382
9.385803483404532, 0.2023660860992442
9.736772921459083, 0.2338481761419652
