0.010013175230567217, 0.2727272727272769
1.656916996047431, 0.3636363636363651
2.408432147562583, 0.40000000000000213
2.8658761528326746, 0.5090909090909097
3.352305665349144, 0.6181818181818208
4.003162055335969, 0.8909090909090924
4.512252964426878, 1.1090909090909111
4.959156785243743, 1.4000000000000004
5.484584980237156, 1.836363636363636
5.92094861660079, 2.309090909090907
6.368379446640318, 3.090909090909088
6.830566534914362, 3.6181818181818137
7.183135704874837, 4.036363636363632
7.7330698287220025, 3.299999999999997
8.336231884057973, 2.1454545454545446
8.919104084321475, 1.0909090909090917
9.42608695652174, 0.34545454545454746
9.90830039525692, 0.5272727272727291

