3.656838656838656, 0.9729729729729719
4.084357084357085, 1.1400491400491362
4.645372645372643, 1.236691236691236
4.981162981162979, 1.5135135135135123
5.492219492219491, 1.7592137592137576
5.904995904995904, 2.2653562653562673
6.240786240786238, 2.54217854217854
6.782145782145782, 3.09090909090909
7.1998361998361995, 3.4840294840294845
7.684684684684684, 4.332514332514332
8.09254709254709, 4.95167895167895
8.479115479115475, 6.060606060606059
8.922194922194919, 6.869778869778873
9.375102375102372, 7.4529074529074535

