3.9005817028027536, 0.6388154415653204
4.361713379164467, 0.9814912744579658
4.963511369645698, 1.2268640930724573
5.377049180327873, 1.6626123744050858
5.973558963511376, 2.3627710206240167
6.388154415653101, 2.7075621364357545
6.840824960338452, 3.7778952934955115
7.480698043363304, 4.748810153358015
7.845584346906406, 5.368588048651517
8.329984135378115, 7.710206240084624
8.812268640930736, 10.233738762559504
9.30618720253835, 11.756742464304608
9.757271285034385, 12.963511369645701
10.297197250132214, 14.529878371232158

