0.0013166556945356511, -0.000043888523151403014
1.774412991002853, 0.012815448760149062
2.5134957208689928, 0.02431424182576236
3.0177748518762346, 0.03287250384024576
3.5233706385780126, 0.04406407724380068
4.271669958305903, 0.07399605003291643
4.863726135615537, 0.12477507131885013
5.383805134957209, 0.16493307000219448
5.918367346938775, 0.23405749396532805
6.494184770682467, 0.3190256747860435
7.030941408821593, 0.45920561773096347
7.626947553214836, 0.6178845731841127
8.213737107746322, 0.7581303489137594
8.706166337502744, 0.7429888084265968
9.174456879526005, 0.7462365591397853
9.68005266622778, 0.7574281325433403
10.121571209128813, 0.7737985516787365
10.68466096115866, 0.7666447224050914

